16
640 480
510 510 320 240
0.0146938 0.0373039 -0.999196 0.170897
0.953856 -0.300251 0.00281754 -0.080293
-0.299904 -0.953131 -0.0399944 1.64616
0 0 0 1
510 510 320 240
0.0793422 0.0434124 -0.995902 -0.0149516
0.952634 -0.297539 0.0629251 -0.03326
-0.293588 -0.953722 -0.0649635 1.62958
0 0 0 1
510 510 320 240
0.0929579 0.0563448 -0.994074 -0.013611
0.936023 -0.345315 0.0679567 -0.042945
-0.33944 -0.936794 -0.0848398 1.74795
0 0 0 1
510 510 320 240
0.361021 0.0232305 -0.932268 0.0800738
0.857631 -0.400877 0.322128 -0.0265897
-0.366242 -0.915837 -0.164648 1.62352
0 0 0 1
510 510 320 240
0.350158 0.0783714 -0.933406 0.0981164
0.890964 -0.335415 0.306073 -0.110111
-0.289091 -0.938805 -0.187274 1.37798
0 0 0 1
510 510 320 240
0.339589 0.0604385 -0.93863 0.062646
0.888873 -0.346922 0.299249 -0.123271
-0.307545 -0.935945 -0.171533 1.48473
0 0 0 1
510 510 320 240
0.124172 0.0903282 -0.988141 0.00264681
0.933513 -0.348206 0.0854775 -0.101503
-0.336356 -0.933056 -0.12756 1.55303
0 0 0 1
510 510 320 240
0.0827875 0.0962714 -0.991906 0.0399519
0.920901 -0.387819 0.0392207 -0.0796615
-0.380904 -0.916694 -0.120763 1.71848
0 0 0 1
510 510 320 240
0.0146557 0.045131 -0.998874 0.437909
0.900056 -0.435727 -0.0064811 -0.0575303
-0.435528 -0.898947 -0.0470063 1.8353
0 0 0 1
510 510 320 240
-0.0199398 -0.00384131 -0.999794 0.579653
0.897463 -0.440791 -0.0162053 -0.0240882
-0.440638 -0.897602 0.0122367 1.68031
0 0 0 1
510 510 320 240
0.0375245 0.0250289 -0.998982 0.447301
0.91656 -0.399151 0.024428 0.0488745
-0.398133 -0.916544 -0.0379184 1.59795
0 0 0 1
510 510 320 240
0.0636102 0.0473219 -0.996852 0.367311
0.868359 -0.494908 0.031917 0.384984
-0.491839 -0.867656 -0.0725736 1.70038
0 0 0 1
510 510 320 240
0.0112109 0.115948 -0.993192 0.276552
0.857073 -0.512745 -0.0501848 0.608726
-0.515074 -0.850675 -0.105124 1.67547
0 0 0 1
510 510 320 240
-0.0137433 0.138763 -0.99023 0.183516
0.85585 -0.510455 -0.0834091 0.689167
-0.517042 -0.848635 -0.111745 1.50468
0 0 0 1
510 510 320 240
0.106996 0.145812 -0.983509 -0.00267904
0.799904 -0.600125 -0.0019512 0.777551
-0.590513 -0.786505 -0.180846 1.49732
0 0 0 1
510 510 320 240
0.03519 0.0962166 -0.994738 0.0789887
0.947166 -0.320733 0.00248397 -0.0209274
-0.318807 -0.94227 -0.10242 1.4965
0 0 0 1
